P 0
14.379546   14.173771
13.798906   13.573758
13.000440   12.754547
12.537179   12.332624
11.379865   11.154412
10.901884   10.711210
10.711134   10.519163
10.377683   10.172976
10.122028   9.915948
9.508668   9.302741
9.180709   8.975316
8.803175   8.597324
8.534935   8.265399
8.264789   8.060005
7.871772   7.703902
7.703826   7.344597
7.214176   6.940902
6.661603   6.487251
6.487175   6.238536
5.430689   5.185101
5.185025   4.930208
4.794830   4.515607
4.207402   3.881273
3.881197   3.764276
3.764200   3.608457
3.470104   3.280880
3.280803   3.087613
3.040554   2.874744
2.874668   2.674461
2.674384   2.422237
2.253834   1.960120
1.960044   1.832140
1.832064   1.646729
1.592882   1.399081
1.399005   0.841475
0.841399   0.589252
0.589175   0.309800
0.179684   -0.210587
-0.306153   -0.520623
-0.594452   -0.834853
-1.325571   -1.630802
-1.989498   -2.161257
-2.161333   -2.333549
-2.384879   -2.590502
-3.434653   -3.638445
-4.171035   -4.370937
-4.371014   -4.571374
-4.686388   -4.892392
