Data set: /opt/data/nmrdata/60602_Bailey/COMP_02_Water_60602_Bailey_230413/11/pdata/2/

Fit type: Mixed Lorentzian and Gaussian

Fit        Frequency             Width        Intensity       Area     %Lor.
         ppm        Hz        ppm         Hz                           chisq

  1                                                                  4.9e+13

        8.444   6335.23    0.01986     14.902      0.003      1.237    100.00
STD:    0.001      0.96    0.00267      2.001      0.000


  2                                                                  1.8e+17

        3.932   2950.23    0.04652     34.902      0.002      1.604    100.00
STD:    0.132     99.23    0.35843    268.909      0.007

        3.898   2924.30    0.01616     12.123      0.000      0.001    100.00
STD:   22.220  16670.02   84.11968  63109.943      0.012


  3                                                                    7e+12

        3.747   2811.52    0.03199     23.999      0.002      1.432    100.00
STD:    0.006      4.35    0.01037      7.778      0.002

        3.741   2806.39    0.00031      0.229      0.000      0.000    100.00
STD:    0.044     33.15    0.13039     97.826      0.001

        3.731   2799.50    0.03732     27.998      0.004      2.728    100.00
STD:    0.005      3.58    0.00569      4.272      0.002

        3.664   2749.11    0.00364      2.731      0.006      0.476    100.00
STD:    0.000      0.09    0.00038      0.282      0.000

        3.655   2742.17    0.00128      0.957      0.021      0.547    100.00
STD:    0.000      0.02    0.00007      0.050      0.001

        3.646   2735.10    0.00114      0.854      0.021      0.486    100.00
STD:    0.000      0.02    0.00007      0.050      0.001

        3.636   2728.17    0.02972     22.300      0.006      3.437    100.00
STD:    0.001      0.40    0.00144      1.082      0.000


  4                                                                  9.6e+14

        3.444   2583.88    0.01600     12.002      0.005      1.637    100.00
STD:    0.003      2.21    0.00835      6.261      0.002

        3.352   2514.62    0.00122      0.912      1.804     45.151    100.00
STD:    0.000      0.00    0.00001      0.005      0.007

        3.255   2441.94    0.01679     12.598      0.005      1.746    100.00
STD:    0.003      2.23    0.00841      6.313      0.002


  5                                                                  1.9e+13

        2.917   2188.70    0.05572     41.802      0.003      3.654    100.00
STD:    0.001      1.08    0.00409      3.066      0.000

        2.889   2167.49    0.00021      0.160      0.000      0.001    100.00
STD:    0.001      0.55    0.00226      1.695      0.002

        2.876   2157.44    0.01373     10.298      0.003      0.903    100.00
STD:    0.001      0.43    0.00205      1.541      0.000


  6                                                                  1.8e+14

        2.223   1668.11    0.02972     22.300      0.004      2.498    100.00
STD:    0.002      1.27    0.00505      3.786      0.000

        2.150   1612.85    0.02293     17.200      0.003      1.625    100.00
STD:    0.002      1.32    0.00524      3.932      0.001

        2.061   1546.46    0.00111      0.834      0.710     16.265    100.00
STD:    0.000      0.00    0.00001      0.004      0.002

        1.969   1476.87    0.02666     20.000      0.003      1.868    100.00
STD:    0.002      1.44    0.00546      4.098      0.000

        1.913   1435.23    0.00123      0.923      0.043      1.086    100.00
STD:    0.000      0.02    0.00009      0.070      0.002


  7                                                                    1e+13

        1.712   1284.27    0.05638     42.300      0.006      7.000    100.00
STD:    0.001      0.43    0.00166      1.246      0.000


  8                                                                  9.6e+12

        1.308    981.29    0.05105     38.300      0.003      2.881    100.00
STD:    0.008      5.83    0.01368     10.266      0.002

        1.296    972.11    0.00063      0.471      0.002      0.026    100.00
STD:    0.000      0.14    0.00055      0.411      0.001

        1.284    963.05    0.05945     44.600      0.005      5.772    100.00
STD:    0.006      4.77    0.00738      5.536      0.002


  9                                                                  2.1e+13

        1.169    877.39    0.02892     21.700      0.011      6.272    100.00
STD:    0.001      0.38    0.00160      1.199      0.000

        1.162    871.52    0.00037      0.275      0.000      0.000    100.00
STD:    0.065     48.82    0.19265    144.537      0.003

        1.137    852.88    0.00133      1.000      0.003      0.095    100.00
STD:    0.000      0.20    0.00087      0.650      0.001

        1.127    845.23    0.03359     25.200      0.004      2.518    100.00
STD:    0.002      1.38    0.00502      3.763      0.000


 10                                                                  4.2e+12

        0.896    672.47    0.03585     26.899      0.003      2.132    100.00
STD:    0.007      5.53    0.00906      6.795      0.003

        0.883    662.40    0.03585     26.899      0.001      0.772    100.00
STD:    0.022     16.68    0.04006     30.057      0.003

        0.853    639.92    0.01759     13.199      0.003      0.928    100.00
STD:    0.001      0.46    0.00300      2.253      0.000


 11                                                                  2.4e+12

        0.584    438.29    0.03199     24.000      0.003      1.933    100.00
STD:    0.000      0.30    0.00115      0.859      0.000


 12                                                                  6.2e+13

        0.151    113.51    0.01599     12.000      0.002      0.669    100.00
STD:    0.002      1.72    0.00648      4.860      0.001


 13                                                                  5.8e+16

       -0.000     -0.11    0.00117      0.877     15.158    364.806    100.00
STD:    0.000      0.00    0.00001      0.011      0.128

