H
#frequency    half width   %gauss/100.
6334.484       1.49            0.0
2951.977       3.49            0.0
2924.960       1.32            0.0
2810.316       2.40            0.0
2805.658       2.29            0.0
2800.903       2.80            0.0
2749.329       2.12            0.0
2742.235       1.14            0.0
2735.151       1.14            0.0
2728.064       2.23            0.0
2584.105       1.20            0.0
2514.699       0.92            0.0
2441.779       1.26            0.0
2186.613       4.18            0.0
2167.464       1.60            0.0
2157.956       1.03            0.0
1666.991       2.23            0.0
1613.387       1.72            0.0
1546.529       0.80            0.0
1476.627       2.00            0.0
1435.334       0.80            0.0
1284.736       4.23            0.0
979.374        3.83            0.0
972.072        4.06            0.0
965.283        4.46            0.0
876.304        2.17            0.0
870.143        2.75            0.0
852.920        2.23            0.0
846.493        2.52            0.0
671.123        2.69            0.0
663.743        2.69            0.0
640.580        1.32            0.0
437.208        2.40            0.0
113.771        1.20            0.0
-0.045         0.86            0.0
