Wavelength	I1	I1 dark	R1	R1dark	XCorrect	I1c	R1c	I1c/R1c	Abs	Percent T
nm	uA	uA	uA	uA		uA	uA	uA/uA	OD	T*100
	Abs Detector Raw	Dark Offset for Abs Detector	Ref Detector Raw	Dark Offset for Ref Detector	Linear interp	Dark subtracted Abs Detector	Corrected Ref Detector	Corrected Intensity 	-Log(T)	% Transmittance
800	0.152669095611888	0.00297036967616505	0.217897964369801	0.00106515644696913	1.34088253974915	0.149698725935723	0.290747326188506	0.514875675378236	0.00145102285642115	99.666447167692
797	0.149283308958547		0.213419404664796		1.3260293006897	0.146312939282382	0.281587955262772	0.519599423724804	0.00146550265088148	99.6631242481709
794	0.16075910732883		0.230850159218559		1.31175875663757	0.157788737652665	0.301422489529623	0.523480307985306	0.00154945884816927	99.6438596050516
791	0.174451483296457		0.250653888540062		1.29830348491669	0.171481113620292	0.3240419206724	0.529194226674318	0.00159918006047392	99.6324522993943
788	0.159764949312783		0.229703522489132		1.28535497188568	0.156794579636618	0.293881460556113	0.533530013563682	0.00155514165624912	99.6425557588152
785	0.155866062151848		0.224658512743666		1.27193987369537	0.152895692475683	0.284397305367146	0.53761301387262	0.00151826832766499	99.6510161672064
782	0.162157626457763		0.234235824564528		1.25860202312469	0.159187256781598	0.293469074626097	0.542432816760729	0.00156956012690034	99.6392477052317
779	0.171473262330574		0.248322641753723		1.24614322185516	0.168502892654409	0.308118239367965	0.546877370843267	0.00156901873716384	99.6393719151904
776	0.190045872501112		0.276014613994146		1.23451888561249	0.187075502824947	0.339430297930899	0.551145563508394	0.00155033698737297	99.6436581263437
773	0.218233442884086		0.317838219097413		1.22383856773376	0.215263073207921	0.387679091290757	0.555260982714372	0.00151505930867265	99.651752495201
770	0.286213802414696		0.418941089329412		1.21381187438965	0.283243432738531	0.507222769354361	0.558420185077789	0.00155873208335696	99.6417319909126
767	0.430216171071468		0.630793628155743		1.20520555973053	0.427245801395303	0.758952255224023	0.562941605950155	0.00158138009191884	99.6365359130153
764	0.450336221955428		0.657905175898973		1.19851565361023	0.447365852279263	0.787233045230874	0.568276262015986	0.00157029485257294	99.6390791388455
761	0.356964747719147		0.521784116262222		1.19181299209595	0.353994378042982	0.620599621538505	0.570407015662381	0.00157050977740539	99.6390298291996
758	0.34293332809748		0.502310718512885		1.18398952484131	0.339962958421314	0.593469494859238	0.572839819680957	0.00158250714840966	99.6362773422448
755	0.372245429420784		0.545901629898763		1.17633533477783	0.369275059744619	0.640910395397089	0.576172679358441	0.00156619651127598	99.6400194153091
752	0.410213492013212		0.601878239172162		1.16980671882629	0.407243122337046	0.702835180930668	0.579429051627425	0.00156578930604726	99.6401128402951
749	0.44655358403109		0.655392006658527		1.16390073299408	0.443583214354925	0.761571500578939	0.582457739053677	0.00155501221949547	99.6425854562012
746	0.508711474407719		0.747094507512805		1.15848278999329	0.505741104731554	0.86426216403963	0.585170942075816	0.0015670141377813	99.6398318277445
743	0.599693877608624		0.88025044081863		1.15345752239227	0.596723507932459	1.01410287983508	0.58842502057533	0.00155720104780992	99.6420832624781
740	0.677206640665598		0.99317476165647		1.14841175079346	0.674236270989433	1.13935032869765	0.591772568986862	0.00155417615107917	99.6427772801876
737	0.80507131361659		1.18082091264007		1.14263534545898	0.802100943940425	1.34803062603493	0.595016855291862	0.00160381415531	99.6313891871774
734	0.960829774908272		1.40710451342046		1.13635516166687	0.957859405232107	1.59776008080359	0.599501399953837	0.00168137619970348	99.613597286648
731	1.01346418662423		1.48262650530619		1.12990951538086	1.01049381694806	1.67403026569653	0.603629359429541	0.00176373882160185	99.5947076634383
728	0.989582541211839		1.44944506745049		1.12338900566101	0.986612171535674	1.62709406804163	0.606364555629633	0.0018089715404696	99.5843351972692
725	0.969661571137631		1.4238351749747		1.11702907085419	0.966691201461466	1.58927547183522	0.608259058038047	0.00181330395937117	99.58334177248
722	0.968219683020834		1.42553273722377		1.11090362071991	0.965249313344668	1.58244619308308	0.609972912547548	0.00186303365854318	99.5719394491423
719	0.944783957101294		1.3935237615216		1.10438621044159	0.941813587425129	1.53781208205515	0.612437370219174	0.00191673581366218	99.5596277634734
716	0.85595935387956		1.26428002424506		1.09723365306854	0.852988984203395	1.3860418640046	0.615413579023444	0.00198435059432712	99.54412865244
713	0.701783679446787		1.03852773815982		1.08915162086487	0.698813309770622	1.1299540524592	0.618444005090069	0.00203474321459777	99.5325788891634
710	0.528397941919388		0.78563068655804		1.07961905002594	0.525427572243223	0.847031892301613	0.620316161668358	0.00208819803017309	99.5203287491116
707	0.400150817492873		0.600279701886069		1.06877458095551	0.397180447816708	0.640425274704117	0.620182343678128	0.00215321320891161	99.5054313743083
704	0.322710639503359		0.490419839043797		1.05739140510559	0.319740269827194	0.51743943542606	0.617927911822026	0.00217725990042842	99.4999219555384
701	0.285020235524934		0.439358225173122		1.04672133922577	0.282049865848769	0.458770707870411	0.614794844156527	0.00217731695888403	99.4999088830455
698	0.27947188151268		0.434902850435066		1.03894531726837	0.276501511836515	0.450733640623442	0.613447692641859	0.00226070900071512	99.4808050161332
695	0.306963977044917		0.479313340064739		1.03592443466187	0.303993607368752	0.495428979242302	0.613596741623134	0.00230559016733848	99.4705249318201
692	0.350336623661159		0.547047369945454		1.03646862506866	0.347366253984994	0.565893434136721	0.613836869330189	0.00235411497946024	99.4594114613743
689	0.380511853337948		0.593955864631064		1.0377025604248	0.377541483661783	0.615244205934711	0.613644923462875	0.00237954141158208	99.4535886290517
686	0.392131130024918		0.612650461419157		1.03746140003204	0.389160760348753	0.63449614673547	0.613338256427583	0.0024476103192048	99.4380020468487
683	0.388618103610733		0.607729360669778		1.03570008277893	0.385647733934568	0.628322166532577	0.613773879827894	0.00252702936715467	99.4198195698841
680	0.380924753116572		0.596681914730035		1.0333856344223	0.377954383440407	0.615501801630901	0.614058939289759	0.00256130506906	99.4119733969007
677	0.388278009617951		0.609330516058888		1.03072738647461	0.385307639941786	0.626955764395831	0.614569100123179	0.00259897418978422	99.4033511385378
674	0.400337640612244		0.629279594348316		1.0278697013855	0.397367270936079	0.645722586691716	0.615383880207666	0.00261209083857472	99.4003489839846
671	0.409719014170949		0.645092116562964		1.02485907077789	0.406748644494784	0.66003687190039	0.616251397173716	0.00267029119580406	99.3870291090121
668	0.418116298378118		0.659425774952955		1.02161717414856	0.415145928701953	0.672592514648783	0.617232454510344	0.00275349966544664	99.3679889167897
665	0.423732595047571		0.669292142101031		1.01794040203094	0.420762225371406	0.680215246424622	0.618572176355992	0.00278769360046989	99.3601655413147
662	0.42887675487809		0.678478698460808		1.01405811309814	0.425906385201925	0.686936698201684	0.620008199178899	0.00282562381881368	99.3514880463
659	0.437872607198101		0.693794108861036		1.01044762134552	0.434902237521936	0.699966322203968	0.621318803099797	0.00287673842824092	99.3397954877183
656	0.453381725483298		0.719534901604861		1.00736176967621	0.450411355807133	0.723758953941068	0.62232232617575	0.00294289547767874	99.3246639871015
653	0.478436024089241		0.760501972669192		1.00482106208801	0.475465654413076	0.763098108265153	0.623072773033092	0.0029969105487175	99.3123113199996
650	0.507657974961245		0.808058543829263		1.00265884399414	0.50468760528508	0.809139056903646	0.623734080043523	0.00306472767429828	99.2968044463467
647	0.519504975035977		0.827787593127871		1.00098860263824	0.516534605359812	0.8275397366629	0.624181030197736	0.00311855618493877	99.2844978937911
644	0.521098589836738		0.831498691745855		0.999615073204041	0.518128220160573	0.830113879178886	0.62416522980327	0.00318757780035421	99.2687200467421
641	0.532478429573981		0.851047893327896		0.99827116727829	0.529508059897816	0.848513258912518	0.624042175341433	0.00325343611760104	99.2536676446176
638	0.554665317607886		0.887838942070047		0.996643483638763	0.55169494793172	0.883797314902918	0.624232432740896	0.00330826853763995	99.2411370335407
635	0.579566712161705		0.928939018199764		0.994565904140472	0.57659634248554	0.92283170624248	0.624812019987137	0.00338037083161533	99.2246622221334
632	0.603014467194965		0.967742427773717		0.992188215255737	0.6000440975188	0.959125796565972	0.625615638394027	0.00347473326701774	99.2031052739117
629	0.624646566717903		1.00381472651874		0.989726662635803	0.621676197041738	0.99244798544662	0.62640683054233	0.00355550793110718	99.184656150782
626	0.64894783035371		1.04417183054449		0.986993134021759	0.645977460677545	1.02953912538653	0.627443333379895	0.00361331006435011	99.1714561138353
623	0.674271051382894		1.08616969384103		0.984223663806915	0.671300681706729	1.06798556340749	0.628567187336213	0.0036855153537347	99.154969354842
620	0.691832138959208		1.11568988323724		0.981929302215576	0.688861769283043	1.09448268020939	0.629394856345513	0.00377392516060981	99.134786322735
617	0.700181917368227		1.13036316778554		0.980959832668304	0.697211547692062	1.10779598823533	0.629368182496028	0.00387917308429269	99.1107646814411
614	0.705878495104253		1.14071416933109		0.981367647647858	0.702908125428088	1.11841467091829	0.628486145349786	0.00395320258739239	99.0938717765978
611	0.71286329854314		1.15308840817325		0.982362389564514	0.709892928866975	1.13170431439971	0.627277743695379	0.00403330939070954	99.0755953269292
608	0.723010671854644		1.17064123952401		0.982585072517395	0.720040302178479	1.14920800040486	0.626553506349425	0.00411884753986523	99.056083431497
605	0.739073653357843		1.19781046762589		0.981410205364227	0.736103283681678	1.17449806161279	0.626738610935537	0.0042133778466928	99.0345248270423
602	0.759530173356669		1.23186440273152		0.979359269142151	0.756559803680504	1.20539465030195	0.627644899113321	0.00429621049289699	99.0156378509355
599	0.785602195347217		1.27493339120689		0.977581381797791	0.782631825671052	1.24530986916491	0.628463521449383	0.00441141666586782	98.9893752565371
596	0.816113552341998		1.32512671589646		0.976614892482758	0.813143182665833	1.29309823752232	0.628833261905826	0.00453368893899939	98.9615094817069
593	0.846851706210874		1.37572660583099		0.976398348808289	0.843881336534709	1.34221716934897	0.628721905668981	0.00464152478086854	98.9369402703615
590	0.875481666728799		1.42287125896292		0.976394712924957	0.872511297052634	1.38824396130102	0.628499976499047	0.00473137585802122	98.9164733487112
587	0.901268390563748		1.46547009180052		0.976113736629486	0.898298020887583	1.42942577338662	0.628432785816729	0.00484184398240044	98.8913159310349
584	0.922749113439341		1.50103780528145		0.975447654724121	0.919778743763176	1.46314480245592	0.628631385095521	0.00496589802103973	98.8630721571022
581	0.942960406693542		1.53459430172939		0.974489092826843	0.939990037017377	1.49440742560979	0.629005196915302	0.00509644234968909	98.8333594289663
578	0.964946923024145		1.57103505841972		0.973618805408478	0.96197655334798	1.52855222048597	0.629338363750594	0.00523067287631398	98.8028170102414
575	0.989181637587953		1.61105407071098		0.972994327545166	0.986211267911788	1.56651008098949	0.629559477388647	0.00534945412140995	98.7757977471643
572	1.0154037880569		1.65432631785253		0.972547769546509	1.01243341838074	1.60787545500285	0.629671542799281	0.00548347277235045	98.745321290752
569	1.03949184704268		1.69398109796751		0.972193658351898	1.03652147736652	1.64584214246911	0.629781830602248	0.00562053920990204	98.7141614801082
566	1.06534767243986		1.73660591469172		0.972323656082153	1.06237730276369	1.68750733533613	0.629554183568677	0.00578178272120251	98.6775179945694
563	1.09360442342558		1.78295822895963		0.972873628139496	1.09063405374942	1.73355677841203	0.629130852436491	0.00593618698330822	98.6424415157106
560	1.1259285376763		1.83589931151176		0.9736088514328	1.12295816800014	1.78641077428231	0.628611394516073	0.0060914951927005	98.6071722626239
557	1.15743904383702		1.88732262307387		0.974480867385864	1.15446867416085	1.83812181219164	0.628069732105702	0.00624700995742479	98.5718687380342
554	1.19156289715525		1.94302733354464		0.975422322750092	1.18859252747909	1.89423325747743	0.627479494823117	0.00644683142797737	98.5265256678824
551	1.22358213378268		1.99504340999695		0.976292371749878	1.22061176410652	1.94670575837599	0.627013999858301	0.00661451404122205	98.4884915759171
548	1.25583632493798		2.04648360632461		0.976854741573334	1.25286595526182	1.99807671126455	0.627035963233312	0.00673350711096928	98.4615102462739
545	1.29179261355163		2.10382530531423		0.976897537708282	1.28882224387547	2.05418121181953	0.627414093975607	0.00702020600209761	98.396532468685
542	1.32596759724076		2.1588238341472		0.976688385009766	1.32299722756459	2.10745783816385	0.627769250519038	0.00724065562571625	98.3465986679062
539	1.3588591461816		2.21160127168046		0.976733922958374	1.35588877650543	2.15910561167317	0.627986314877253	0.00748630080121558	98.2909876998442
536	1.39804498464806		2.2742844403753		0.977351248264313	1.3950746149719	2.22173370472586	0.627921614550127	0.00771509084020843	98.2392208056042
533	1.44228314243028		2.34502489907701		0.978485703468323	1.43931277275412	2.29353109766878	0.627553196997014	0.00797330656219114	98.1808286943608
530	1.48836175674811		2.41859407236702		0.97979062795639	1.48539138707195	2.36867217463204	0.6270987614834	0.00822957024077925	98.1229123272051
527	1.54130728998382		2.50285306983308		0.980956435203552	1.53833692030765	2.45414495315057	0.626832134887866	0.00850578793380887	98.0605245502747
524	1.60037771699388		2.59673472473138		0.981513798236847	1.59740734731771	2.54768549693463	0.627003352352443	0.00881118375508325	97.9915926418921
521	1.66084644722101		2.69262342063729		0.98179018497467	1.65787607754484	2.64254548606952	0.627378444868603	0.00910201498249803	97.9259932016413
518	1.72724942791271		2.79754690898757		0.982168912887573	1.72427905823654	2.74661744280274	0.627782752474269	0.00941837572765297	97.8546852284145
515	1.79827828505076		2.90933986508384		0.983009278774261	1.7953079153746	2.85886102381455	0.627980129296084	0.00974945504149739	97.7801152821232
512	1.86607249864706		3.01549238174952		0.984047532081604	1.86310212897089	2.96633967169857	0.628081182592301	0.0100847418423635	97.7046555849388
509	1.93581159626879		3.12408668673552		0.985204875469208	1.93284122659262	3.07681603783558	0.628195252112732	0.0104432487863073	97.6240343813019
506	2.01703716845399		3.25082102094591		0.986456871032715	2.01406679877782	3.20574400171384	0.628268132982881	0.0103303227747674	97.6494220541708
503	2.09956338516525		3.38230782217832		0.987697958946228	2.09659301548908	3.33964647964476	0.627788907678664	0.0111655623636708	97.4618021611438
500	2.18613930278806		3.51569250914535		0.988681137561798	2.18316893311189	3.47484576917164	0.628277937536298	0.0115615171858514	97.3729848133512
497	2.35040628211215		3.77339074175821		0.988923311233521	2.34743591243598	3.73054070887692	0.629248169534833	0.0119802704302858	97.2791415727143
494	2.59938823180086		4.1644375517191		0.988562703132629	2.59641786212469	4.11575466921799	0.630848549245046	0.0124229214852855	97.1800411253098
491	2.69413681418593		4.30539974231796		0.98904812335968	2.69116644450977	4.25719404446787	0.632145590828043	0.0128251628863849	97.0900751213415
488	2.72919458992475		4.35222533173046		0.991359889507294	2.72622422024859	4.31356567059758	0.632011757426406	0.013262013743981	96.9924626493281
485	2.98119128447447		4.74363731258833		0.992995142936707	2.9782209147983	4.70935111607524	0.6324057903927	0.0137376965529294	96.886284949776
482	3.23067332449321		5.12578252102229		0.994394838809967	3.22770295481704	5.09599249769352	0.633380633169677	0.0141666122401792	96.7906458493644
479	3.28611162017013		5.20046270138795		0.99604320526123	3.28314125049396	5.17882459609038	0.633954904163482	0.0145974754931226	96.6946675349285
476	3.6343449574017		5.74733457664416		0.998053312301636	3.63137458772554	5.73508322820541	0.633186031174974	0.0150955021350522	96.583846602571
473	4.28445271237236		6.76049876693169		1.00068914890289	4.28148234269619	6.76409186674157	0.632972234417433	0.0155832715226101	96.4754312303569
470	4.88896645995684		7.68278603863704		1.00380909442902	4.88599609028068	7.71098128240768	0.633641285244447	0.0160561865025282	96.3704337077853
467	5.1727682862154		8.10345727230768		1.00672602653503	5.16979791653924	8.15688902022924	0.633795299129121	0.0165086283497866	96.2700886314224
464	4.97712933924323		7.788657131964		1.00893819332123	4.97415896956707	7.85719897810105	0.633070256134616	0.0169508019686699	96.172121854464
461	4.6239113242972		7.24197812047655		1.01032972335815	4.62094095462103	7.31570959180848	0.631646308075867	0.0174695250178673	96.0573220635441
458	4.26731075931585		6.69875164315498		1.01095962524414	4.26434038963969	6.77109062060508	0.629786341459217	0.0179866669148454	95.9430086107713
455	3.88602053134723		6.12701007317393		1.01064646244049	3.88305016167106	6.19116455919541	0.627192206659049	0.0185615181190645	95.8160982515579
452	3.61964959002878		5.74095632471652		1.00919055938721	3.61667922035262	5.79264397892764	0.624357242307537	0.0192107148041546	95.6729764131109
449	3.30943383931522		5.27720183438209		1.00661778450012	3.30646346963905	5.31105301346289	0.622562693548259	0.0198785960374845	95.5259584787358
446	2.86409275955174		4.58950197140735		1.00299048423767	2.86112238987558	4.60215846293107	0.621691411306459	0.0206285374338797	95.3611462231729
443	2.6135525432677		4.20423643339601		0.999023199081421	2.61058217359153	4.19906561538478	0.621705496581604	0.021469696872444	95.1766255790827
440	2.55844072586096		4.12361376892324		0.996054291725159	2.55547035618479	4.10628223830259	0.622331882681583	0.0223430078599222	94.9854297853174
437	2.54456558309414		4.10379307930518		0.99519157409668	2.54159521341797	4.08300025963966	0.622482256134433	0.0233329763147109	94.7691583578639
434	2.55613964188578		4.12016611512843		0.996780753135681	2.55316927220961	4.10584055583641	0.621838387898505	0.0243381084695339	94.5500780160741
431	2.63705573165035		4.24504218030327		1.00035095214844	2.63408536197418	4.24546645671075	0.620446631443883	0.0254448459559149	94.3094373897785
428	2.76248421991869		4.44299868097712		1.00449895858765	2.75951385024252	4.46191759950609	0.618459168889176	0.026624102451794	94.0537027105195
425	2.82399204560065		4.54916968397085		1.00724053382874	2.82102167592449	4.58103523221204	0.615804405102184	0.0277497913385402	93.8102317091488
422	3.00804098895702		4.87155284674517		1.00762593746185	3.00507061928086	4.90762972483314	0.612326273124248	0.028972941279573	93.5463956419584
419	2.8354317953108		4.63350876200299		1.00603270530701	2.83246142563463	4.66038977267967	0.607773504748295	0.0303191590129551	93.2568712757805
416	2.599540165394		4.29349243157452		1.00299537181854	2.59656979571783	4.30528469082061	0.603112217237117	0.0316665288308025	92.9679963588941
413	2.39264726216797		3.99840989369111		0.998497366905212	2.3896768924918	3.99133819475068	0.598715712849052	0.0331494295344996	92.6510979988143
410	2.23353235069439		3.77444588579696		0.993889927864075	2.23056198101822	3.75032510089736	0.594764965971751	0.034715842917963	92.317525934209
407	2.10416074354531		3.58914074005303		0.989984571933746	2.10119037386915	3.55213947070218	0.591528117406322	0.0363151866931499	91.9781803176312
404	2.02603665938483		3.48148291089337		0.98790580034256	2.02306628970866	3.43832488723282	0.588387181566437	0.0379932055471114	91.623482432589
401	2.02288095383103		3.49330491890277		0.988417327404022	2.01991058415486	3.45179029266062	0.585177665181371	0.0397041219785967	91.2632389743961
398	2.06349098662774		3.57334647009661		0.99182003736496	2.06052061695158	3.54306018598214	0.58156523140755	0.0415128073317517	90.8839497019827
395	2.07505518335888		3.59662249539423		0.998149752616882	2.07208481368271	3.58890466839002	0.577358555085902	0.0433668983201671	90.4967747895838
392	2.04850996007628		3.54991733566875		1.00708770751953	2.04553959040011	3.57400540549815	0.572338135598035	0.0455575366605923	90.0414465187472
389	2.03922990640242		3.53057810356829		1.01841080188751	2.03625953672626	3.59449411075018	0.566494052844973	0.0478299252318978	89.5715469466432
386	2.05482382723855		3.55301942305869		1.03232741355896	2.05185345756238	3.66677976113099	0.559579137888964	0.0503825321371998	89.0466258531009
383	2.08532700948971		3.60245735254865		1.04808735847473	2.08235663981355	3.77457363364372	0.551679962275203	0.0529697728684053	88.517721650146
380	2.1018356642089		3.6307439857364		1.06401991844177	2.09886529453274	3.86205057191037	0.543458780627652	0.0555545744710626	87.9924531343241
377	2.09419732073356		3.62111530169285		1.07910001277924	2.0912269510574	3.9063961579963	0.535334069171839	0.0583068343462475	87.4365806849511
374	2.07877010521904		3.60115564967299		1.09262192249298	2.07579973554287	3.93353779585732	0.527718263627475	0.0611939625222574	86.8572424990413
371	2.07143470241631		3.5982899306903		1.10292184352875	2.06846433274015	3.96745777959574	0.521357616803906	0.0642436528371104	86.24945255008
368	2.07064880886477		3.60924254783404		1.10681164264679	2.0676784391886	3.99357274552213	0.51775154002316	0.0672570863154138	85.6530660567823
365	2.07765879296762		3.63603035046137		1.10139167308807	2.07468842329145	4.00352039665244	0.518216024333537	0.0702319076043048	85.06836628871
362	2.10549619031732		3.70139937974119		1.08866059780121	2.10252582064116	4.02840806759575	0.521924736859141	0.0732452158410476	84.4801709793644
359	2.12626081303708		3.75622054773502		1.07323324680328	2.12329044336092	4.03015761284293	0.526850472694818	0.0763303761807074	83.8821635965852
356	2.15317490838853		3.82230539732448		1.05542421340942	2.15020453871236	4.03302947547658	0.533148728960943	0.0793374000797731	83.3033755572147
353	2.17585427719439		3.88318703770621		1.03646063804626	2.17288390751822	4.02366652202331	0.540025843499968	0.0825520954091268	82.6890313724944
350	2.19056839334653		3.93107966202656		1.01822805404663	2.18759802367036	4.00165102239133	0.546673863220358	0.0858417563623036	82.0650509827268
347	2.19466817604499		3.96056776615677		1.00210988521576	2.19169780636883	3.96785670572779	0.552363144365825	0.0890833213979235	81.4547994242089
344	2.18781701152159		3.97231405151023		0.988115131855011	2.18484664184542	3.9240511255745	0.556783429146976	0.0925041119957074	80.8157277265402
341	2.17871791365755		3.98213558345341		0.97557407617569	2.17574754398139	3.88382910401716	0.560206817990768	0.0960328795866032	80.1617372205432
338	2.14999180781531		3.96030160038635		0.964221119880676	2.14702143813914	3.81757939784762	0.562403872817851	0.0997921924697863	79.470840738071
335	2.10449880995021		3.91147959862831		0.954874098300934	2.10152844027405	3.73395346446086	0.562815916233569	0.103599428542801	78.7772056158179
332	2.03953997720196		3.83129266169286		0.946872651576996	2.0365696075258	3.62673767403532	0.561543125135872	0.107549964409389	78.0638624602142
329	1.95390020215354		3.71745625223562		0.938952207565308	1.95092983247737	3.48951362356681	0.559083598155788	0.111799589400218	77.3037230461831
326	1.86487582384715		3.59781704495		0.931833863258362	1.86190545417099	3.35157520744559	0.555531455786738	0.116222134000598	76.5205117820336
323	1.77716873923667		3.48041476880779		0.925504565238953	1.77419836956051	3.22015395030232	0.550966940383065	0.121055807585135	75.6735646945456
320	1.6890164300186		3.35736941651625		0.919252157211304	1.68604606034244	3.08528993132618	0.546478968872046	0.12616758239685	74.788085799758
317	1.61807420740168		3.2625429483893		0.913403213024139	1.61510383772552	2.979044294367	0.542155026287952	0.13134116497034	73.9024497869367
314	1.55718895373872		3.18513375924549		0.908680856227875	1.55421858406255	2.89330218427925	0.537178104833776	0.136654004421038	73.0038889129999
311	1.49174228163695		3.09996351666589		0.905046582221985	1.48877191196078	2.80464736956945	0.530823207264495	0.142358484383907	72.0512493246127
308	1.41841801435181		2.99732580467367		0.902658760547638	1.41544764467565	2.70460092300597	0.523348059462494	0.148071846801981	71.1095864933043
305	1.33774351272105		2.88015959176293		0.902248084545136	1.33477314304488	2.59765743948839	0.513837245340466	0.15406110492898	70.1356611094282
302	1.24869486561593		2.74640423463138		0.904157757759094	1.24572449593977	2.48221962521963	0.501859095497861	0.160493309125669	69.1045575783562
299	1.15279660550107		2.59476188050098		0.908673107624054	1.14982623582491	2.35682246248049	0.487871383665763	0.167103533810946	68.0607085746893
296	1.05208931433854		2.42354366829451		0.919314444065094	1.04911894466237	2.22701948637876	0.471086558101155	0.173161371197678	67.1179415837896
293	0.951830272380756		2.24992164384179		0.935736358165741	0.948859902704591	2.10433677955223	0.450906866203467	0.179843540584366	66.0931513048109
290	0.846988034030154		2.06044174957938		0.954356729984283	0.844017664353989	1.96537991122802	0.429442500929311	0.18674620788598	65.050972282175
287	0.73698860881051		1.85269449088801		0.971447765827179	0.734018239134345	1.79876118008282	0.408068757132366	0.193922193146956	63.9849458660025
284	0.636245450033372		1.65858109444686		0.985033094882965	0.633275080357207	1.63270805422587	0.38786792208082	0.201842201608547	62.8286601653086
281	0.538376531051879		1.46833784813672		0.994289815425873	0.535406161375714	1.45889429379962	0.366994485927608	0.209903280041932	61.6732336519105
278	0.455639507151522		1.30248120542787		0.996792435646057	0.452669137475357	1.29724167325254	0.348947421909746	0.218040108598822	60.5284972010039
275	0.39564079614859		1.1819398100355		0.98714405298233	0.392670426472425	1.16569339160749	0.336855668308227	0.225674991867567	59.4737068885799
272	0.351499601561786		1.09511341023596		0.966205596923828	0.34852923188562	1.05707554611566	0.329710807488006	0.233297522931437	58.4389598106401
269	0.319345016424156		1.03589824995011		0.940902948379517	0.316374646747991	0.973677508757801	0.324927549319297	0.241024492246718	57.4084085545568
266	0.294397863661291		0.991620262150962		0.90767240524292	0.291427493985126	0.899099535319998	0.324132626630047	0.248357930167983	56.4471565530665
263	0.269596250296038		0.944435119517239		0.867875158786774	0.266625880619873	0.818727356494283	0.325658937013587	0.255787930610079	55.489660716295
260	0.243400491047073		0.887532151299788		0.826263844966888	0.240430121370908	0.732455627603333	0.328252132020091	0.262921423839508	54.5856613064249
257	0.215441704842873		0.818633443994527		0.783925712108612	0.212471335166708	0.640912802013138	0.331513638827817	0.269790676409652	53.7290700232951
254	0.18634565423892		0.740086827487095		0.74089515209198	0.183375284562755	0.547537573364543	0.334909042745576	0.276754409666376	52.8744168185879
251	0.159277342808383		0.661984734598492		0.698560178279877	0.156306973132218	0.461692098342189	0.338552411214042	0.283659345654964	52.0404033922369
248	0.132181654668972		0.579224364140612		0.660330295562744	0.129211284992807	0.381776040498665	0.338447862846591	0.291775757483714	51.0768660901329
245	0.10946071512353		0.505359279596895		0.629273355007172	0.106490345447365	0.317338854784954	0.335572980874114	0.300047396804016	50.1132539455715
242	0.0885503625001741		0.432403505962631		0.604725062847137	0.0855799928240091	0.260841110519239	0.328092426280699	0.310243238079166	48.9504582626604
239	0.0716246518515584		0.368640931144171		0.585129261016846	0.0686542821753933	0.215079341416268	0.319204446709359	0.322137650105849	47.6280005416877
236	0.054966809186644		0.300112225897368		0.573699116706848	0.0519964395104789	0.171563039597465	0.303074832624072	0.339502016882218	45.7612609708794
233	0.0413324860447129		0.239292638661754		0.570354223251343	0.0383621163685479	0.135874050575737	0.282335855934204	0.362232115011737	43.427805590162
230	0.0288233363907175		0.179248188599555		0.571752786636353	0.0258529667145525	0.101876645164556	0.253767354360693	0.396828395161428	40.1025145292898
