DU=/opt/data/nmrdata/60602_Bailey, USER=liquids, NAME=COMP_01_Water_60602_Bailey_230413, EXPNO=99997, PROCNO=1
F1=5.000000ppm, F2=4.500000ppm, MI=0.10cm, MAXI=10000.00cm, PC=1.000
           #     ADDRESS            FREQUENCY         INTENSITY
                           [Hz]        [PPM]
     1     32104.5     3677.990       4.9024         0.13
     2     32126.4     3672.971       4.8957         0.14
     3     32252.9     3644.027       4.8571         0.17
     4     32526.9     3581.307       4.7735         0.36
     5     32624.1     3559.061       4.7439         0.53
     6     32632.7     3557.088       4.7413         0.57
     7     32743.3     3531.781       4.7075         2.89
     8     32747.7     3530.772       4.7062         2.90
     9     32780.7     3523.218       4.6961        15.00
    10     32917.2     3491.980       4.6545         0.64
    11     33025.3     3467.236       4.6215         0.37
